1 1 0.3635 0.1889 0.4095 30.08 63.3 92.92 50.9 47.91 12.03 90.89 60.49 14.75 49.41 11.39 45.39 93.41 27.19 84.25 46.45 57.91 88.69 32.49 20.56 47.4
1 2 0.4041 -0.9648 -0.3321 72.2 19.83 18.62 65.2 22.72 40.77 46.16 82.64 36.51 80.96 32.76 11.15 49.16 40.73 15.32 88.43 90.75 87.34 70.49 38.88 52.44
1 3 -0.7516 -0.2917 -0.1926 90.16 98.92 56.15 72.99 85.39 50.92 86.26 39.57 48.8 33.11 40.03 43.98 27.34 58.56 79.25 85.78 24.48 79.05 11.37 89.14 34.51
1 4 0.3311 0.2007 -0.5029 61.51 28.87 92.79 90.61 27.54 86.14 53.11 46.57 85.14 40.6 21.35 29.49 42.21 64.75 69.01 89.67 62.57 33.07 65.48 49.77 17.81
1 5 -0.8328 -0.4249 0.3047 37.77 74.32 21.88 53.66 65.67 38.37 90.49 91.17 57.21 74.56 44.81 59.45 26.61 48.16 40.53 86.79 34.15 82.49 34.11 60.65 26.98
1 6 -0.2793 0.6756 0.9482 44.47 30.4 77.06 66.38 34.24 72.18 59.74 35.53 97.45 15.31 90.51 85.04 65.64 71.85 75.59 86.57 81.91 44.31 19.21 12.92 20.87
1 7 0.2041 0.6501 -0.7747 70.39 82.62 65.79 57.9 14.64 79.59 39.08 97.77 14.93 83.63 87.41 53.15 33.32 92.54 29.91 47.05 69.83 74.06 52.36 91.82 69.01
1 8 -0.0992 -0.0433 0.4076 34.0 93.53 72.97 45.88 69.1 87.46 97.76 24.24 33.82 13.77 68.27 59.25 65.27 40.37 47.09 53.36 96.07 46.6 18.38 30.93 22.19
1 9 0.4464 -0.2499 -0.0809 70.27 89.75 78.22 64.29 38.2 49.1 97.58 71.51 24.5 53.01 71.71 17.84 99.51 21.15 15.11 62.18 90.58 93.76 28.32 52.11 96.61
1 10 -0.3152 0.3683 -0.0766 62.61 57.44 51.39 69.71 76.02 86.34 86.78 79.62 88.06 50.46 10.02 77.28 62.09 19.52 41.94 33.1 79.78 28.6 85.57 60.11 97.03
1 11 0.5981 0.2622 0.6281 33.19 71.73 52.1 57.98 66.24 23.57 27.66 74.26 68.54 33.33 33.02 34.26 40.85 23.1 36.93 84.4 46.97 67.5 49.67 87.75 97.31
1 12 -0.1546 0.3764 0.6615 91.82 29.08 13.28 33.89 93.47 94.96 18.79 26.96 34.6 21.76 77.22 94.24 30.58 19.28 77.75 67.34 48.05 75.51 96.6 28.82 30.3
1 13 -0.0805 -0.6503 -0.8907 78.64 97.49 89.93 52.89 25.63 14.29 35.29 86.14 74.47 73.33 47.11 31.74 26.78 18.27 97.87 53.98 35.17 59.82 97.98 72.58 69.34
1 14 -0.3204 0.7974 -0.0939 24.44 10.91 41.6 23.02 37.08 21.99 16.4 89.72 25.7 93.24 60.18 28.84 75.47 86.06 88.47 34.71 87.12 63.29 68.13 32.7 64.86
1 15 0.7339 -0.9781 0.6751 44.13 19.04 13.7 32.72 91.53 48.83 72.9 24.7 54.38 34.52 15.54 25.58 49.16 95.71 58.66 37.81 34.28 28.91 65.65 23.86 69.41
1 16 -0.5803 -0.3827 -0.4773 89.52 81.82 24.85 77.82 56.1 19.33 66.11 95.21 66.2 32.37 24.85 80.29 36.77 44.84 83.32 81.99 89.91 96.18 33.16 67.56 80.52
1 17 0.6391 0.048 0.585 73.63 27.01 49.85 66.75 18.78 19.27 89.42 68.54 30.7 75.9 54.14 19.66 27.46 59.14 62.81 71.65 34.36 38.61 18.41 95.56 16.38
1 18 -0.3304 -0.4044 -0.9924 18.93 13.23 70.07 37.48 88.3 93.99 61.39 59.36 84.43 45.56 20.44 55.75 16.41 91.15 82.36 52.66 94.21 54.13 86.34 74.37 15.81
1 19 -0.2012 0.8671 0.8864 43.44 70.71 81.37 78.09 33.09 62.14 62.93 11.96 51.03 59.08 39.53 76.29 20.49 14.09 38.37 72.96 51.06 52.18 76.99 12.06 16.7
1 20 0.8647 0.6766 0.2724 27.44 13.07 68.47 91.59 68.39 44.6 65.72 91.54 76.95 20.62 34.88 46.22 20.24 67.68 99.78 85.35 74.31 61.48 97.32 81.87 35.31
1 21 0.5063 -0.8916 0.3755 57.28 46.41 57.68 51.56 95.13 80.29 86.1 85.17 61.88 37.61 63.06 40.25 23.79 86.49 21.45 97.66 27.26 54.74 11.68 38.46 45.9
1 22 0.8187 0.3775 0.4752 45.72 97.15 46.09 91.14 34.85 97.01 11.45 85.93 67.07 76.07 39.82 75.9 59.14 29.23 39.01 45.21 54.29 94.24 30.91 42.42 66.79
1 23 -0.0118 0.1208 -0.321 82.53 14.89 96.11 33.17 32.31 14.8 16.37 58.72 65.29 24.12 76.43 29.97 39.07 58.71 29.27 13.18 73.15 15.99 90.79 18.4 70.2
1 24 0.9447 -0.8793 0.9794 67.1 10.43 43.03 31.65 70.47 48.78 81.48 62.59 12.19 81.67 52.17 59.9 42.24 28.49 63.59 24.39 29.97 76.53 91.6 68.65 25.11
1 25 -0.3028 -0.4037 0.384 76.99 94.33 82.92 44.57 76.3 76.93 51.51 16.36 77.87 14.71 22.15 20.74 10.88 87.26 59.1 57.96 96.8 89.62 77.26 75.59 53.57
1 26 0.8004 -0.6675 0.5849 92.97 95.27 54.9 23.08 49.78 89.23 32.54 52.97 79.09 35.33 94.28 38.4 45.36 20.55 68.6 26.8 84.08 99.22 75.96 54.42 26.53
1 27 0.9128 0.7456 -0.6396 56.52 92.79 23.45 70.65 57.86 86.13 59.16 23.37 33.08 18.87 57.57 54.41 16.02 16.15 25.63 20.09 14.27 99.21 45.15 31.53 77.84
1 28 0.8118 -0.7689 0.2598 17.46 64.8 64.17 88.04 60.93 11.36 46.47 10.45 76.34 68.77 43.42 35.96 71.22 96.43 27.81 40.53 73.12 11.92 25.4 76.12 86.58
1 29 -0.0115 0.111 0.6706 58.93 13.0 62.78 39.63 24.35 95.01 61.68 45.27 28.58 95.95 29.36 71.03 24.35 88.15 41.05 26.87 15.45 55.98 35.94 14.9 55.73
1 30 0.9599 0.9446 -0.1109 12.3 60.24 15.57 91.74 48.09 93.05 68.91 65.6 48.58 61.33 71.32 25.31 63.05 18.64 95.1 89.25 59.28 91.64 28.16 84.04 66.32
1 31 0.2794 0.9189 0.9254 15.2 20.99 22.35 94.04 19.88 21.99 95.7 64.94 47.73 34.22 36.66 83.08 27.53 21.1 53.93 40.39 92.26 51.89 13.87 91.21 11.11
1 32 0.0055 0.2822 0.1858 25.82 59.19 86.34 24.62 53.17 12.68 38.27 78.01 99.69 67.56 49.0 56.7 78.61 96.09 85.59 79.39 13.73 57.31 97.58 22.16 77.03
1 33 -0.0868 -0.7772 0.5358 13.58 67.26 14.57 49.24 79.0 31.71 87.19 14.11 25.25 71.43 94.66 65.4 67.97 94.49 60.84 30.41 37.94 59.17 36.27 81.88 45.68
1 34 0.7979 0.516 -0.9252 87.38 65.76 62.31 16.99 34.11 93.5 96.75 57.52 47.3 17.67 81.15 21.59 58.32 39.72 76.44 22.64 10.65 43.83 82.1 64.29 89.03
1 35 -0.1398 -0.142 -0.0653 35.24 81.28 69.74 91.99 28.24 60.5 50.99 29.76 80.27 39.94 19.39 64.66 49.65 74.09 74.54 49.98 21.12 48.34 69.51 96.04 30.4
1 36 0.5592 -0.6285 0.2367 89.13 12.7 48.23 57.24 86.87 12.36 72.59 56.0 18.05 86.0 64.04 19.99 53.19 99.58 30.3 97.77 91.48 43.29 77.64 15.74 66.01
1 37 0.1001 0.8979 -0.2721 53.13 48.38 95.62 12.26 87.11 58.51 49.34 69.23 65.28 17.83 86.28 76.94 19.68 72.37 37.02 49.87 84.66 25.6 76.65 10.13 43.14
1 38 0.7301 0.7679 -0.3785 34.01 92.64 90.98 64.2 21.31 44.09 65.24 50.44 56.1 18.21 31.83 63.06 93.46 14.56 34.6 50.68 76.4 16.13 88.76 45.97 48.05
1 39 -0.337 0.5907 0.264 55.53 19.07 23.78 49.99 69.88 67.17 99.51 15.94 63.34 69.57 82.21 13.27 53.6 18.53 92.39 31.48 98.49 22.44 23.2 66.33 13.88
1 40 -0.3162 -0.8852 0.3165 91.09 96.27 50.38 93.69 96.61 33.66 79.44 10.36 14.09 58.8 31.65 72.72 78.68 33.14 58.83 78.12 40.85 45.46 70.66 17.08 78.17
1 41 -0.4441 0.0788 0.0024 77.49 51.06 60.29 68.39 85.0 63.1 81.94 11.13 10.83 46.71 56.48 19.24 46.18 60.11 35.96 35.84 75.45 39.63 94.96 92.98 72.41
1 42 -0.8852 0.6814 0.1286 47.62 12.49 39.89 44.16 87.48 82.32 74.99 38.16 97.72 98.33 68.39 55.92 43.38 37.39 16.27 71.32 28.54 70.88 70.3 19.2 50.09
1 43 0.7622 0.7894 0.3293 86.32 91.06 65.76 35.19 19.45 51.65 40.18 41.06 51.96 44.0 38.74 89.08 15.26 15.18 43.78 11.43 79.11 27.32 83.86 26.5 81.12
1 44 -0.1042 -0.6286 0.9639 44.02 27.57 64.01 67.29 84.37 76.75 38.87 60.14 18.04 29.22 44.51 65.39 17.71 90.71 64.95 25.65 42.11 31.02 61.05 32.1 19.5
1 45 0.9179 0.8744 0.0049 29.6 44.79 51.12 24.23 48.66 23.3 92.62 91.49 28.74 92.93 21.78 96.56 66.94 56.29 46.57 41.15 36.57 52.28 32.71 53.4 20.93
1 46 -0.2807 0.9431 -0.5626 36.25 15.01 56.93 51.55 10.83 16.47 22.23 11.23 12.83 53.02 79.13 21.13 98.77 56.75 62.98 87.44 85.97 23.72 16.91 37.9 10.31
1 47 0.442 0.2185 -0.7208 39.99 54.68 61.45 84.77 90.88 13.86 35.51 39.3 51.18 62.74 23.89 87.71 22.35 32.74 99.59 51.38 33.26 18.83 10.67 75.84 96.59
1 48 0.5677 -0.165 0.2497 48.81 42.02 26.26 52.66 22.47 44.73 13.55 68.35 95.39 87.68 35.41 10.53 37.23 79.07 37.41 58.13 24.15 71.92 26.98 82.36 12.55
1 49 -0.0863 0.8411 0.8076 23.14 64.54 93.96 60.06 18.34 69.66 24.12 58.92 18.98 25.0 94.18 26.63 80.66 87.73 16.76 44.19 30.26 43.0 74.22 67.41 86.76
1 50 0.1711 0.5572 0.0245 33.67 97.59 11.49 92.73 72.84 76.41 93.05 45.43 96.64 48.03 38.8 63.09 72.74 68.4 66.74 75.99 47.23 88.04 46.23 24.45 20.91
2 1 -0.5211 0.9803 -0.5124 13.41 79.81 91.6 25.95 93.16 63.12 40.7 31.56 75.29 94.73 86.79 11.75 81.87 60.63 96.15 43.93 93.15 70.91 32.82 45.35 57.91
2 2 0.1262 0.8305 0.7093 69.54 71.15 70.85 90.2 14.26 68.57 13.07 19.66 70.57 22.91 32.37 18.77 19.18 11.3 23.04 62.13 66.03 80.52 27.92 35.06 46.49
2 3 0.4162 0.6468 0.9087 49.25 31.78 53.41 84.4 50.04 14.67 86.69 65.3 29.26 71.81 68.32 34.31 59.28 76.74 19.71 78.31 60.51 77.73 16.15 54.32 26.36
2 4 -0.3801 -0.3585 0.2736 84.57 29.32 97.94 81.19 66.81 42.52 12.55 39.93 22.45 70.7 13.25 41.63 34.84 42.21 50.83 57.49 30.62 46.22 59.72 22.72 24.49
2 5 0.3108 0.5762 -0.7713 38.97 66.72 39.05 82.31 46.01 82.93 95.82 76.98 64.64 79.3 28.47 20.84 37.63 17.38 23.05 61.63 50.89 13.28 89.79 98.79 98.12
2 6 -0.099 0.8927 -0.2389 57.0 38.41 40.9 42.92 71.0 71.58 44.81 74.58 70.68 34.34 24.26 35.64 54.25 69.89 68.97 86.49 93.38 38.44 68.69 32.38 51.62
2 7 0.7096 0.1022 -0.7758 76.52 68.71 57.74 23.01 75.82 92.62 61.99 87.97 75.23 86.83 30.38 11.16 90.55 53.26 48.08 34.4 86.55 92.34 77.87 11.99 32.6
2 8 -0.2718 0.7549 0.1803 19.33 80.06 10.75 95.5 77.3 15.47 37.14 10.59 61.21 53.27 39.29 27.04 13.34 22.89 97.73 95.77 27.19 50.08 52.93 18.61 45.66
2 9 -0.379 -0.0069 0.1711 48.9 45.58 38.5 24.23 24.49 22.18 74.77 29.97 62.62 99.64 33.88 76.91 18.99 13.65 92.94 32.41 97.5 21.61 78.07 96.13 49.47
2 10 0.4422 0.18 0.6127 69.24 72.46 60.76 97.64 19.32 68.52 43.12 11.06 41.56 84.14 90.79 87.2 76.86 35.17 90.18 74.02 13.82 46.88 28.03 63.67 64.06
2 11 -0.1321 0.004 0.8383 52.97 76.8 42.26 74.8 44.26 49.04 90.63 96.52 33.12 83.43 17.37 72.43 49.08 68.45 43.58 76.75 72.27 41.39 69.81 33.13 74.74
2 12 0.7225 0.2207 -0.1202 90.54 18.1 40.08 53.58 66.26 51.8 48.67 36.06 59.38 59.46 36.41 17.21 25.08 66.76 50.87 40.88 12.1 73.37 73.06 40.28 39.38
2 13 0.8431 0.7226 -0.1516 23.62 62.44 11.46 58.05 86.37 33.22 93.05 54.97 98.85 79.17 30.71 19.94 78.92 65.2 46.38 37.43 92.28 60.28 24.58 26.64 90.72
2 14 0.4954 0.1603 -0.076 64.59 27.12 52.09 13.51 72.17 30.93 60.17 77.01 33.17 80.95 48.2 57.96 29.45 96.5 51.18 36.2 74.1 19.36 64.31 70.1 47.85
2 15 -0.1979 -0.0221 0.9686 81.54 54.32 90.03 34.91 36.02 45.12 14.59 18.04 31.56 75.21 13.94 60.3 48.87 60.75 82.55 56.63 20.24 63.88 51.72 15.72 85.63
2 16 -0.075 -0.13 0.9265 40.06 93.45 95.21 12.9 92.78 50.47 17.95 98.38 48.35 93.91 67.74 47.29 91.12 61.12 96.14 12.85 35.48 80.53 41.87 10.09 80.51
2 17 -0.3781 0.4104 -0.1599 39.68 77.51 39.21 21.45 38.49 11.32 24.1 73.77 39.17 15.69 63.06 51.75 32.09 83.32 59.11 46.87 72.32 31.59 93.9 25.96 75.07
2 18 -0.0714 0.5592 0.6561 31.3 35.04 59.81 17.17 39.5 85.53 92.96 99.61 25.48 78.59 52.27 46.15 52.56 60.42 81.68 54.4 24.65 20.15 75.01 40.64 95.94
2 19 0.0882 0.5338 0.9804 63.18 82.3 91.44 37.82 70.78 64.69 42.8 86.57 71.18 87.25 94.19 71.27 44.37 56.76 79.41 36.95 66.66 49.01 85.3 94.58 91.29
2 20 0.8579 0.9496 -0.9079 74.6 89.22 35.18 35.88 22.67 18.73 35.26 65.17 10.52 46.19 35.29 88.75 13.99 17.95 31.89 21.98 75.3 24.79 75.13 75.5 28.43
2 21 0.3581 -0.6503 -0.184 38.36 36.8 95.37 48.72 85.9 95.57 12.36 78.71 15.87 41.99 31.61 62.52 14.69 59.53 66.62 53.24 91.52 81.19 39.71 83.71 97.88
2 22 -0.5882 -0.208 0.7604 94.49 93.49 72.32 24.51 11.43 59.16 38.97 47.54 57.3 37.85 58.85 24.94 84.84 97.06 73.94 69.49 96.86 83.94 30.06 76.53 42.68
2 23 -0.9398 -0.6289 -0.6002 88.51 40.92 26.53 37.93 80.97 92.42 35.7 55.32 93.02 80.67 27.81 75.96 38.47 74.76 36.51 97.2 79.52 60.12 65.37 59.1 67.81
2 24 -0.7571 0.4688 0.0967 66.15 31.6 87.38 87.65 27.91 90.38 45.36 45.13 48.85 77.88 58.32 99.67 27.82 76.88 42.67 76.31 34.47 53.76 59.54 62.09 42.22
2 25 0.022 -0.2181 -0.3511 35.37 42.0 65.19 24.23 16.78 44.0 94.92 10.68 50.51 16.37 61.16 21.17 37.81 50.03 59.57 37.42 31.67 34.13 99.42 23.01 68.04
2 26 -0.971 0.3477 -0.3584 36.85 15.69 85.94 46.74 30.52 70.9 28.21 56.43 57.45 85.42 97.81 18.29 24.55 76.3 74.6 80.46 91.39 13.26 60.65 29.78 98.02
2 27 -0.9221 -0.5357 -0.451 59.03 19.35 84.43 24.78 94.93 26.05 38.97 60.96 64.84 45.1 61.62 89.2 96.03 85.95 52.98 93.15 47.16 56.58 88.93 98.74 62.25
2 28 -0.025 0.344 -0.2622 17.57 13.02 27.63 57.59 39.77 71.57 29.22 60.89 52.89 43.3 63.23 30.86 18.08 20.95 46.63 49.71 63.6 98.77 47.5 33.7 62.51
2 29 -0.826 -0.0297 0.3156 37.36 96.81 58.92 71.27 52.1 89.43 22.37 18.86 28.37 53.44 58.05 80.01 74.94 85.77 36.49 45.47 88.76 23.44 44.77 96.72 94.59
2 30 -0.3638 0.5724 -0.306 24.49 58.02 16.48 20.9 78.24 18.64 54.86 68.47 63.53 37.55 74.82 75.52 64.35 22.37 97.08 33.53 20.02 30.31 61.05 28.91 91.67
2 31 -0.2915 -0.378 -0.0259 69.97 16.81 75.69 12.64 48.63 54.24 97.0 46.28 94.02 88.26 47.37 29.91 25.84 97.09 43.73 58.33 62.97 21.54 39.19 51.47 68.26
2 32 -0.906 0.0339 0.1254 82.89 34.64 77.31 65.4 33.85 53.01 56.03 49.58 93.23 95.3 69.8 84.35 42.42 90.39 75.82 99.73 18.18 30.97 16.4 82.29 38.83
2 33 0.933 0.766 -0.125 51.65 95.94 83.18 49.56 63.75 25.83 97.64 98.17 77.68 28.38 71.3 47.27 10.77 98.82 11.03 21.95 37.65 61.41 85.91 84.8 86.16
2 34 0.0902 0.5444 0.7998 66.52 12.5 48.11 89.28 89.5 99.97 10.1 70.47 92.04 41.51 35.64 91.11 64.01 63.8 10.29 75.66 79.23 60.82 10.16 82.06 62.46
2 35 0.8024 0.2516 0.8257 24.14 65.42 44.72 94.05 92.58 34.77 26.35 10.38 78.96 94.96 43.93 12.18 75.42 23.02 36.58 56.11 27.79 76.09 55.16 56.47 45.97
2 36 -0.7624 0.0262 0.0916 45.31 23.64 17.44 82.98 34.92 87.98 23.26 41.34 94.87 83.44 12.35 89.88 20.4 28.21 78.8 64.14 90.9 45.37 99.92 34.81 37.64
2 37 -0.9285 -0.8233 0.0654 97.44 67.25 99.01 56.61 22.72 65.94 39.73 60.37 18.44 17.85 90.94 11.0 30.27 14.73 12.3 98.04 40.57 52.04 56.15 94.16 16.47
2 38 0.3522 -0.5077 0.6191 13.69 54.74 46.82 35.08 30.8 49.22 46.86 74.64 53.33 49.96 38.87 77.89 49.72 55.05 35.62 92.25 98.41 27.86 68.54 38.84 39.6
2 39 -0.5844 -0.3379 0.6542 33.91 53.76 88.88 36.7 98.95 91.28 57.01 80.74 54.48 58.73 13.9 92.44 64.87 45.33 17.28 17.97 15.49 86.3 12.6 18.09 97.87
2 40 -0.6255 -0.3982 0.8729 91.38 47.78 71.57 95.21 40.82 34.83 29.83 52.86 16.47 14.28 29.77 33.77 82.92 45.23 46.22 66.09 15.08 26.71 65.07 75.37 82.95
2 41 0.2529 0.7154 0.0151 89.42 80.92 44.43 68.51 26.03 24.02 56.62 50.96 17.08 28.85 38.62 26.1 43.95 32.18 28.34 72.25 29.99 49.88 65.91 95.32 48.08
2 42 -0.3273 0.1768 0.24 20.43 35.6 62.66 52.5 13.77 73.88 57.91 21.78 64.33 10.51 31.85 52.62 14.94 46.56 20.59 49.98 30.76 81.43 36.24 67.44 97.53
2 43 -0.5565 0.1681 -0.2027 43.07 44.59 17.34 24.5 97.95 84.03 58.49 62.86 75.01 35.7 28.24 80.89 35.76 82.17 53.3 28.36 36.17 16.05 82.64 82.74 47.43
2 44 0.749 0.1472 -0.2072 45.97 52.24 92.19 99.07 36.82 85.87 67.74 39.54 23.0 60.76 72.98 41.0 19.1 12.65 44.45 96.14 67.77 42.03 90.19 71.27 75.55
2 45 0.6311 0.0492 0.1103 50.93 31.46 67.58 68.16 28.96 46.07 40.9 65.76 56.44 61.43 95.91 65.0 99.81 43.35 85.68 45.9 95.08 26.49 41.67 66.73 25.39
2 46 -0.2977 0.4334 -0.7179 61.27 22.17 37.78 96.22 43.83 99.22 70.07 22.66 18.96 50.07 68.18 78.51 98.56 71.05 49.55 28.96 48.61 39.57 54.46 45.43 90.69
2 47 -0.7 0.8317 -0.0614 42.64 43.72 89.33 26.05 66.61 61.82 97.3 46.72 64.88 25.85 72.58 41.65 21.54 11.45 37.77 90.78 41.64 23.67 11.98 93.74 96.66
2 48 0.9673 -0.75 0.2501 29.59 62.7 33.8 92.95 16.3 33.09 18.83 35.89 14.58 49.33 24.88 26.29 48.68 38.64 85.09 79.09 68.4 29.43 17.29 10.47 59.04
2 49 -0.596 0.1695 0.7271 30.72 35.92 31.57 18.9 12.93 16.15 89.74 17.99 30.85 85.81 69.86 46.52 15.24 57.86 16.01 21.01 74.36 29.91 19.58 32.89 85.89
2 50 -0.1162 -0.8845 -0.2624 24.09 37.84 28.63 62.34 65.24 85.5 21.46 93.27 95.57 78.17 74.71 18.17 98.95 43.08 65.87 43.38 31.02 50.95 69.45 85.97 89.18
3 1 -0.3007 0.0574 -0.4444 82.5 20.01 76.78 41.19 35.99 56.43 93.76 80.99 44.94 34.53 88.81 10.34 64.93 96.27 69.78 59.8 71.13 20.75 28.57 89.46 52.94
3 2 0.3813 -0.1109 0.8863 22.29 30.74 30.3 65.32 40.47 13.89 32.08 53.36 63.75 25.57 38.04 41.58 65.03 39.21 85.75 36.98 94.59 50.07 62.36 16.86 22.8
3 3 0.3846 -0.4612 -0.0715 74.01 86.6 85.2 21.18 47.48 25.41 77.96 35.7 81.66 50.32 60.73 92.95 67.64 82.36 97.94 92.83 66.93 63.41 12.87 48.42 47.28
3 4 -0.7006 0.3194 0.2583 85.86 69.85 45.79 82.38 75.58 23.71 39.79 64.33 58.07 14.87 55.91 25.07 99.65 13.3 32.39 90.04 97.62 56.18 92.34 86.51 91.23
3 5 -0.0867 -0.2712 0.6922 68.84 71.21 26.25 46.25 91.0 66.71 82.92 59.74 53.76 66.46 52.05 49.15 11.58 30.97 71.97 21.25 12.93 13.21 39.16 50.46 84.49
3 6 -0.2221 0.9666 -0.196 99.83 57.85 10.58 12.29 60.69 32.84 83.21 66.16 83.02 27.79 66.88 79.28 38.3 74.15 70.05 57.56 64.23 76.41 30.17 79.24 20.44
3 7 0.2264 0.5287 -0.2195 60.15 61.44 64.12 30.23 21.76 31.61 27.72 86.38 82.2 46.61 71.95 92.83 18.48 21.05 79.7 89.25 80.59 57.24 20.88 15.13 93.99
3 8 0.7754 -0.6281 0.7325 95.16 90.0 99.33 88.33 86.07 16.63 50.0 54.58 61.59 48.44 11.32 18.65 72.92 36.52 19.91 51.45 66.86 35.82 70.83 17.45 56.65
3 9 0.4481 -0.0895 0.1274 89.85 58.52 50.2 34.2 81.94 45.34 69.57 52.33 89.78 32.72 66.2 15.12 54.8 80.85 46.76 63.06 43.97 55.29 35.09 55.19 17.43
3 10 -0.6306 -0.3018 -0.7618 69.35 57.33 20.81 64.78 57.93 97.92 30.76 71.3 40.36 98.37 64.92 74.71 32.36 60.91 34.38 31.77 77.81 10.16 71.72 37.12 40.4
3 11 0.0117 0.437 0.8735 43.09 70.93 53.54 36.3 73.21 29.47 85.59 10.73 43.2 60.21 15.97 56.19 94.17 77.87 75.17 41.18 18.63 76.17 51.89 36.53 83.05
3 12 0.8821 -0.2066 -0.2785 42.24 27.03 32.85 90.53 40.66 11.67 77.64 83.85 74.32 90.49 47.04 87.49 58.15 66.16 39.79 69.6 35.37 40.52 56.74 77.27 98.43
3 13 0.7563 0.249 0.0864 17.9 94.75 99.77 50.32 67.37 48.94 85.71 61.1 81.5 20.41 18.57 58.52 69.59 81.75 76.92 12.2 55.11 91.01 62.65 53.67 83.9
3 14 -0.3929 -0.3455 0.3884 83.96 49.66 45.12 66.51 23.33 27.25 28.47 99.35 81.85 69.38 25.67 30.69 22.53 48.8 29.98 66.05 67.45 21.4 33.39 92.38 93.85
3 15 0.2493 0.3793 -0.4987 23.02 33.11 20.02 71.32 38.04 59.75 74.01 24.79 85.14 90.83 48.73 68.0 14.14 63.4 24.02 34.56 77.43 95.15 51.06 72.62 82.38
3 16 -0.8232 0.8343 -0.9495 49.01 51.37 49.2 68.04 23.12 13.55 17.0 33.0 12.52 64.85 51.85 19.46 17.53 79.24 56.78 87.22 39.07 21.69 67.34 95.18 50.75
3 17 -0.2446 -0.8029 0.6431 84.16 29.01 50.25 66.3 74.61 32.32 42.44 99.66 57.77 43.65 77.31 48.53 71.05 38.65 37.45 80.35 70.93 20.05 44.78 59.11 24.53
3 18 0.6958 -0.7382 0.8045 90.97 85.22 73.14 36.07 39.52 63.49 90.66 94.93 91.76 80.33 66.9 28.34 48.36 57.14 63.56 97.67 17.57 88.62 63.56 60.1 90.05
3 19 0.0337 -0.0376 0.1375 73.91 41.23 51.13 42.85 10.74 10.77 37.45 13.96 36.78 50.69 59.34 45.3 39.68 55.62 64.73 19.48 98.41 29.32 13.28 98.97 66.14
3 20 -0.9243 0.0756 0.227 78.59 65.8 58.94 28.52 96.39 38.11 63.7 97.83 55.43 99.36 14.75 71.29 20.27 76.33 21.8 48.28 39.93 28.1 35.96 43.04 45.63
3 21 -0.9534 0.8574 0.1989 90.49 96.95 89.78 55.93 19.98 97.48 18.22 85.56 51.13 25.91 48.3 38.52 43.99 47.68 71.82 45.48 70.63 50.88 10.45 52.69 73.61
3 22 0.0555 -0.3551 -0.6761 97.82 64.2 95.56 85.37 10.99 69.06 69.81 60.66 64.33 98.73 42.56 27.05 96.16 89.39 68.49 16.23 82.64 37.94 79.62 26.98 76.67
3 23 0.0129 -0.9636 0.2824 43.76 16.97 77.05 71.07 40.87 26.84 65.65 96.68 54.3 45.33 82.52 73.41 14.74 52.4 52.7 34.5 93.76 73.38 91.76 60.04 31.87
3 24 -0.1481 -0.6135 0.3992 80.01 68.15 43.33 23.99 75.55 17.04 84.4 85.46 63.78 42.87 75.58 66.01 97.05 77.19 30.85 42.27 89.94 32.52 48.39 90.98 69.43
3 25 -0.9149 0.1957 -0.0839 50.47 13.84 96.18 87.84 82.17 57.7 90.49 25.36 78.03 82.68 73.03 85.16 59.2 42.31 17.15 99.12 36.03 29.56 90.66 22.36 34.66
3 26 -0.0247 0.3096 0.0418 50.28 85.08 73.57 10.73 50.22 67.79 21.94 31.37 51.78 92.05 74.85 54.19 37.83 47.59 16.66 31.46 47.58 51.53 22.99 67.83 62.21
3 27 0.9384 0.5581 -0.9699 49.76 20.81 56.46 62.04 61.52 18.21 15.78 68.7 22.88 74.54 31.59 82.38 84.46 41.42 29.24 55.68 54.62 70.63 50.57 98.3 60.73
3 28 0.7166 0.3342 0.7318 74.94 42.84 51.87 46.08 87.17 46.51 98.1 99.8 42.56 69.77 34.34 59.68 14.81 84.69 44.75 81.49 19.91 63.31 36.21 63.73 21.11
3 29 0.2311 -0.9127 0.5086 39.28 97.2 97.49 18.49 63.18 65.48 20.32 22.94 59.75 54.39 42.11 77.49 63.19 26.49 84.52 17.76 56.86 54.79 86.92 71.68 48.97
3 30 0.4657 0.5996 0.4432 87.74 86.54 77.12 46.79 91.99 18.15 43.47 73.88 15.42 79.18 80.64 48.85 94.99 46.2 91.57 15.99 31.91 59.77 81.65 75.75 13.55
3 31 0.1437 0.8123 -0.4184 58.71 94.51 55.25 53.29 19.89 37.99 37.45 21.35 62.17 49.57 25.66 13.8 72.68 21.89 69.77 91.58 66.22 84.17 32.65 26.9 90.57
3 32 -0.2656 -0.9926 -0.2775 10.48 52.06 55.43 66.45 94.52 38.8 55.64 26.9 80.85 93.63 61.68 79.32 24.98 13.39 14.0 99.88 60.73 97.92 67.21 87.36 86.96
3 33 0.2387 -0.3162 0.3022 26.15 45.17 54.4 38.9 52.13 44.8 83.49 96.59 95.35 91.63 50.35 43.84 70.36 92.11 15.55 56.03 20.09 16.61 59.52 68.52 24.27
3 34 -0.7954 -0.0844 -0.3455 91.55 75.99 42.7 52.84 99.45 17.51 69.22 36.43 92.04 30.19 98.75 13.35 76.55 99.04 92.53 74.81 81.46 82.94 84.65 78.86 30.83
3 35 0.6315 0.6082 0.0495 51.91 39.28 31.84 80.85 90.97 82.86 40.66 21.08 98.84 62.42 13.83 44.72 61.34 73.47 69.05 89.19 19.53 99.79 18.97 91.72 18.0
3 36 -0.4402 0.6417 -0.0962 19.82 31.12 99.26 29.15 21.21 92.21 92.27 65.97 97.3 16.83 34.58 90.99 61.22 39.76 97.41 52.39 29.11 52.32 92.41 16.3 74.69
3 37 -0.6253 -0.5673 -0.0631 86.26 70.94 54.82 99.69 45.02 51.81 53.24 60.44 14.92 22.9 38.51 95.32 42.57 40.29 40.15 85.73 30.25 14.79 90.15 66.89 88.74
3 38 0.1893 0.5885 0.1691 57.31 74.41 89.3 35.16 55.59 22.35 90.65 47.49 42.53 66.91 24.63 25.29 65.48 39.89 61.86 12.11 59.11 65.17 19.09 48.65 27.42
3 39 0.0294 0.7372 0.1331 80.47 20.28 50.68 47.94 63.96 68.0 46.26 20.46 32.27 84.75 73.47 68.26 31.49 28.55 69.0 34.18 73.53 41.0 76.66 79.43 36.41
3 40 -0.1855 0.1501 -0.0763 85.65 91.99 13.62 90.37 11.95 94.23 84.67 71.17 28.59 19.61 47.64 94.05 62.44 58.03 78.67 57.65 50.82 47.34 73.31 22.68 90.15
3 41 -0.9094 -0.2977 -0.9581 77.89 24.07 82.15 67.2 53.95 89.63 22.88 55.31 75.6 15.93 55.34 93.72 52.79 28.47 62.69 38.9 85.4 99.7 58.9 94.2 71.49
3 42 0.2867 0.0896 -0.8016 42.24 20.16 15.73 18.66 12.53 76.14 74.5 51.83 29.19 67.03 88.89 13.9 63.51 65.24 69.3 72.03 67.06 81.65 81.47 15.83 72.92
3 43 0.1132 0.4673 0.3831 97.2 71.16 32.97 67.94 59.58 60.27 97.62 50.12 24.94 10.27 24.01 58.01 93.66 14.97 47.42 21.44 88.55 76.99 19.46 31.28 79.77
3 44 -0.0843 0.0225 -0.1218 53.51 61.01 80.4 93.86 48.61 34.36 17.33 97.83 19.29 26.58 16.96 32.81 51.14 43.64 48.74 74.15 43.15 13.78 82.75 31.99 54.22
3 45 -0.5591 0.5808 0.2558 93.67 44.98 76.24 82.24 51.61 31.99 61.54 45.35 29.23 29.6 47.11 92.27 85.68 34.69 20.17 76.79 34.9 68.29 86.52 24.7 82.38
3 46 0.2562 -0.0082 0.4228 22.09 69.33 95.33 84.16 60.77 74.64 82.79 54.57 68.87 44.95 23.03 39.39 13.83 66.99 46.89 80.59 70.27 71.92 10.84 18.94 14.31
3 47 -0.581 -0.8586 0.732 86.64 62.49 23.98 95.35 37.8 93.82 73.06 46.66 26.09 39.48 50.44 96.96 24.53 96.4 54.81 91.33 97.16 35.91 57.2 70.19 21.92
3 48 -0.0744 0.4365 -0.6248 70.11 35.85 67.09 58.81 91.58 35.98 95.17 14.02 52.86 39.05 43.42 78.14 17.42 80.34 24.06 44.91 89.63 19.43 85.8 83.06 48.59
3 49 -0.6083 -0.5641 -0.5658 10.62 95.79 99.27 51.03 97.67 56.51 65.23 99.25 10.01 71.24 13.01 94.55 39.73 43.2 72.97 10.74 31.98 18.3 76.96 59.37 60.33
3 50 0.6933 0.6412 0.377 80.08 79.56 43.49 99.2 18.96 12.19 51.21 76.98 67.8 15.27 68.18 49.92 34.63 88.27 77.88 98.79 94.76 50.99 66.04 76.42 56.77
